6 61
0.35 1.17 0 1 1 1 1
0.348083 1.17 0.036585 1 1 1 1
0.342352 1.17 0.0727691 1 1 1 1
0.33287 1.17 0.108156 1 1 1 1
0.319741 1.17 0.142358 1 1 1 1
0.303109 1.17 0.175 1 1 1 1
0.283156 1.17 0.205725 1 1 1 1
0.260101 1.17 0.234196 1 1 1 1
0.234196 1.17 0.260101 1 1 1 1
0.205725 1.17 0.283156 1 1 1 1
0.175 1.17 0.303109 1 1 1 1
0.142358 1.17 0.319741 1 1 1 1
0.108156 1.17 0.33287 1 1 1 1
0.0727691 1.17 0.342352 1 1 1 1
0.0365849 1.17 0.348083 1 1 1 1
-1.5299e-08 1.17 0.35 1 1 1 1
-0.036585 1.17 0.348083 1 1 1 1
-0.0727691 1.17 0.342352 1 1 1 1
-0.108156 1.17 0.33287 1 1 1 1
-0.142358 1.17 0.319741 1 1 1 1
-0.175 1.17 0.303109 1 1 1 1
-0.205725 1.17 0.283156 1 1 1 1
-0.234196 1.17 0.260101 1 1 1 1
-0.260101 1.17 0.234196 1 1 1 1
-0.283156 1.17 0.205725 1 1 1 1
-0.303109 1.17 0.175 1 1 1 1
-0.319741 1.17 0.142358 1 1 1 1
-0.33287 1.17 0.108156 1 1 1 1
-0.342352 1.17 0.0727691 1 1 1 1
-0.348083 1.17 0.036585 1 1 1 1
-0.35 1.17 -3.0598e-08 1 1 1 1
-0.348083 1.17 -0.036585 1 1 1 1
-0.342352 1.17 -0.0727691 1 1 1 1
-0.33287 1.17 -0.108156 1 1 1 1
-0.319741 1.17 -0.142358 1 1 1 1
-0.303109 1.17 -0.175 1 1 1 1
-0.283156 1.17 -0.205725 1 1 1 1
-0.260101 1.17 -0.234196 1 1 1 1
-0.234196 1.17 -0.260101 1 1 1 1
-0.205725 1.17 -0.283156 1 1 1 1
-0.175 1.17 -0.303109 1 1 1 1
-0.142358 1.17 -0.319741 1 1 1 1
-0.108156 1.17 -0.33287 1 1 1 1
-0.072769 1.17 -0.342352 1 1 1 1
-0.0365849 1.17 -0.348083 1 1 1 1
4.17371e-09 1.17 -0.35 1 1 1 1
0.0365851 1.17 -0.348083 1 1 1 1
0.0727692 1.17 -0.342352 1 1 1 1
0.108156 1.17 -0.33287 1 1 1 1
0.142358 1.17 -0.319741 1 1 1 1
0.175 1.17 -0.303109 1 1 1 1
0.205725 1.17 -0.283156 1 1 1 1
0.234196 1.17 -0.260101 1 1 1 1
0.260101 1.17 -0.234196 1 1 1 1
0.283156 1.17 -0.205725 1 1 1 1
0.303109 1.17 -0.175 1 1 1 1
0.319741 1.17 -0.142358 1 1 1 1
0.33287 1.17 -0.108156 1 1 1 1
0.342352 1.17 -0.0727691 1 1 1 1
0.348083 1.17 -0.0365849 1 1 1 1
0.35 1.17 6.11959e-08 1 1 1 1
0.51 0.93 0 0.54 1 1 0.36
0.507206 0.93 0.0533095 0.54 1 1 0.36
0.498855 0.93 0.106035 0.54 1 1 0.36
0.485039 0.93 0.157599 0.54 1 1 0.36
0.465908 0.93 0.207436 0.54 1 1 0.36
0.441673 0.93 0.255 0.54 1 1 0.36
0.412599 0.93 0.29977 0.54 1 1 0.36
0.379004 0.93 0.341257 0.54 1 1 0.36
0.341257 0.93 0.379004 0.54 1 1 0.36
0.29977 0.93 0.412599 0.54 1 1 0.36
0.255 0.93 0.441673 0.54 1 1 0.36
0.207436 0.93 0.465908 0.54 1 1 0.36
0.157599 0.93 0.485039 0.54 1 1 0.36
0.106035 0.93 0.498855 0.54 1 1 0.36
0.0533095 0.93 0.507206 0.54 1 1 0.36
-2.22928e-08 0.93 0.51 0.54 1 1 0.36
-0.0533095 0.93 0.507206 0.54 1 1 0.36
-0.106035 0.93 0.498855 0.54 1 1 0.36
-0.157599 0.93 0.485039 0.54 1 1 0.36
-0.207436 0.93 0.465908 0.54 1 1 0.36
-0.255 0.93 0.441673 0.54 1 1 0.36
-0.29977 0.93 0.412599 0.54 1 1 0.36
-0.341257 0.93 0.379004 0.54 1 1 0.36
-0.379004 0.93 0.341257 0.54 1 1 0.36
-0.412599 0.93 0.29977 0.54 1 1 0.36
-0.441673 0.93 0.255 0.54 1 1 0.36
-0.465908 0.93 0.207436 0.54 1 1 0.36
-0.485039 0.93 0.157599 0.54 1 1 0.36
-0.498855 0.93 0.106035 0.54 1 1 0.36
-0.507206 0.93 0.0533095 0.54 1 1 0.36
-0.51 0.93 -4.45856e-08 0.54 1 1 0.36
-0.507206 0.93 -0.0533096 0.54 1 1 0.36
-0.498855 0.93 -0.106035 0.54 1 1 0.36
-0.485039 0.93 -0.157599 0.54 1 1 0.36
-0.465908 0.93 -0.207436 0.54 1 1 0.36
-0.441673 0.93 -0.255 0.54 1 1 0.36
-0.412599 0.93 -0.299771 0.54 1 1 0.36
-0.379004 0.93 -0.341257 0.54 1 1 0.36
-0.341257 0.93 -0.379004 0.54 1 1 0.36
-0.29977 0.93 -0.412599 0.54 1 1 0.36
-0.255 0.93 -0.441673 0.54 1 1 0.36
-0.207436 0.93 -0.465908 0.54 1 1 0.36
-0.157599 0.93 -0.485039 0.54 1 1 0.36
-0.106035 0.93 -0.498855 0.54 1 1 0.36
-0.0533095 0.93 -0.507206 0.54 1 1 0.36
6.08169e-09 0.93 -0.51 0.54 1 1 0.36
0.0533097 0.93 -0.507206 0.54 1 1 0.36
0.106035 0.93 -0.498855 0.54 1 1 0.36
0.157599 0.93 -0.485039 0.54 1 1 0.36
0.207436 0.93 -0.465908 0.54 1 1 0.36
0.255 0.93 -0.441673 0.54 1 1 0.36
0.299771 0.93 -0.412599 0.54 1 1 0.36
0.341257 0.93 -0.379004 0.54 1 1 0.36
0.379004 0.93 -0.341257 0.54 1 1 0.36
0.412599 0.93 -0.29977 0.54 1 1 0.36
0.441673 0.93 -0.255 0.54 1 1 0.36
0.465908 0.93 -0.207436 0.54 1 1 0.36
0.485039 0.93 -0.157599 0.54 1 1 0.36
0.498855 0.93 -0.106035 0.54 1 1 0.36
0.507206 0.93 -0.0533094 0.54 1 1 0.36
0.51 0.93 8.91712e-08 0.54 1 1 0.36
0.86 0.36 0 0.54 1 1 0.36
0.855289 0.36 0.0898945 0.54 1 1 0.36
0.841207 0.36 0.178804 0.54 1 1 0.36
0.817909 0.36 0.265755 0.54 1 1 0.36
0.785649 0.36 0.349793 0.54 1 1 0.36
0.744782 0.36 0.43 0.54 1 1 0.36
0.695755 0.36 0.505495 0.54 1 1 0.36
0.639104 0.36 0.575452 0.54 1 1 0.36
0.575452 0.36 0.639105 0.54 1 1 0.36
0.505495 0.36 0.695755 0.54 1 1 0.36
0.43 0.36 0.744782 0.54 1 1 0.36
0.349793 0.36 0.785649 0.54 1 1 0.36
0.265755 0.36 0.817909 0.54 1 1 0.36
0.178804 0.36 0.841207 0.54 1 1 0.36
0.0898944 0.36 0.855289 0.54 1 1 0.36
-3.75918e-08 0.36 0.86 0.54 1 1 0.36
-0.0898945 0.36 0.855289 0.54 1 1 0.36
-0.178804 0.36 0.841207 0.54 1 1 0.36
-0.265755 0.36 0.817909 0.54 1 1 0.36
-0.349794 0.36 0.785649 0.54 1 1 0.36
-0.43 0.36 0.744782 0.54 1 1 0.36
-0.505495 0.36 0.695755 0.54 1 1 0.36
-0.575452 0.36 0.639104 0.54 1 1 0.36
-0.639105 0.36 0.575452 0.54 1 1 0.36
-0.695755 0.36 0.505495 0.54 1 1 0.36
-0.744782 0.36 0.43 0.54 1 1 0.36
-0.785649 0.36 0.349793 0.54 1 1 0.36
-0.817909 0.36 0.265754 0.54 1 1 0.36
-0.841207 0.36 0.178804 0.54 1 1 0.36
-0.855289 0.36 0.0898945 0.54 1 1 0.36
-0.86 0.36 -7.51836e-08 0.54 1 1 0.36
-0.855289 0.36 -0.0898947 0.54 1 1 0.36
-0.841207 0.36 -0.178804 0.54 1 1 0.36
-0.817909 0.36 -0.265755 0.54 1 1 0.36
-0.785649 0.36 -0.349794 0.54 1 1 0.36
-0.744782 0.36 -0.43 0.54 1 1 0.36
-0.695755 0.36 -0.505495 0.54 1 1 0.36
-0.639104 0.36 -0.575452 0.54 1 1 0.36
-0.575452 0.36 -0.639105 0.54 1 1 0.36
-0.505495 0.36 -0.695755 0.54 1 1 0.36
-0.43 0.36 -0.744782 0.54 1 1 0.36
-0.349793 0.36 -0.785649 0.54 1 1 0.36
-0.265755 0.36 -0.817909 0.54 1 1 0.36
-0.178804 0.36 -0.841207 0.54 1 1 0.36
-0.0898944 0.36 -0.855289 0.54 1 1 0.36
1.02554e-08 0.36 -0.86 0.54 1 1 0.36
0.0898948 0.36 -0.855289 0.54 1 1 0.36
0.178804 0.36 -0.841207 0.54 1 1 0.36
0.265755 0.36 -0.817909 0.54 1 1 0.36
0.349794 0.36 -0.785649 0.54 1 1 0.36
0.43 0.36 -0.744782 0.54 1 1 0.36
0.505495 0.36 -0.695754 0.54 1 1 0.36
0.575452 0.36 -0.639104 0.54 1 1 0.36
0.639105 0.36 -0.575452 0.54 1 1 0.36
0.695755 0.36 -0.505495 0.54 1 1 0.36
0.744782 0.36 -0.43 0.54 1 1 0.36
0.785649 0.36 -0.349793 0.54 1 1 0.36
0.817909 0.36 -0.265755 0.54 1 1 0.36
0.841207 0.36 -0.178804 0.54 1 1 0.36
0.855289 0.36 -0.0898942 0.54 1 1 0.36
0.86 0.36 1.50367e-07 0.54 1 1 0.36
1.5 -0.24 0 0.54 1 1 0.36
1.49178 -0.24 0.156793 0.54 1 1 0.36
1.46722 -0.24 0.311868 0.54 1 1 0.36
1.42658 -0.24 0.463526 0.54 1 1 0.36
1.37032 -0.24 0.610105 0.54 1 1 0.36
1.29904 -0.24 0.75 0.54 1 1 0.36
1.21353 -0.24 0.881678 0.54 1 1 0.36
1.11472 -0.24 1.0037 0.54 1 1 0.36
1.0037 -0.24 1.11472 0.54 1 1 0.36
0.881678 -0.24 1.21353 0.54 1 1 0.36
0.75 -0.24 1.29904 0.54 1 1 0.36
0.610105 -0.24 1.37032 0.54 1 1 0.36
0.463525 -0.24 1.42658 0.54 1 1 0.36
0.311867 -0.24 1.46722 0.54 1 1 0.36
0.156793 -0.24 1.49178 0.54 1 1 0.36
-6.55671e-08 -0.24 1.5 0.54 1 1 0.36
-0.156793 -0.24 1.49178 0.54 1 1 0.36
-0.311868 -0.24 1.46722 0.54 1 1 0.36
-0.463526 -0.24 1.42658 0.54 1 1 0.36
-0.610105 -0.24 1.37032 0.54 1 1 0.36
-0.75 -0.24 1.29904 0.54 1 1 0.36
-0.881678 -0.24 1.21353 0.54 1 1 0.36
-1.0037 -0.24 1.11472 0.54 1 1 0.36
-1.11472 -0.24 1.0037 0.54 1 1 0.36
-1.21353 -0.24 0.881678 0.54 1 1 0.36
-1.29904 -0.24 0.75 0.54 1 1 0.36
-1.37032 -0.24 0.610105 0.54 1 1 0.36
-1.42658 -0.24 0.463525 0.54 1 1 0.36
-1.46722 -0.24 0.311867 0.54 1 1 0.36
-1.49178 -0.24 0.156793 0.54 1 1 0.36
-1.5 -0.24 -1.31134e-07 0.54 1 1 0.36
-1.49178 -0.24 -0.156793 0.54 1 1 0.36
-1.46722 -0.24 -0.311868 0.54 1 1 0.36
-1.42658 -0.24 -0.463525 0.54 1 1 0.36
-1.37032 -0.24 -0.610105 0.54 1 1 0.36
-1.29904 -0.24 -0.75 0.54 1 1 0.36
-1.21353 -0.24 -0.881678 0.54 1 1 0.36
-1.11472 -0.24 -1.0037 0.54 1 1 0.36
-1.0037 -0.24 -1.11472 0.54 1 1 0.36
-0.881678 -0.24 -1.21353 0.54 1 1 0.36
-0.75 -0.24 -1.29904 0.54 1 1 0.36
-0.610105 -0.24 -1.37032 0.54 1 1 0.36
-0.463526 -0.24 -1.42658 0.54 1 1 0.36
-0.311867 -0.24 -1.46722 0.54 1 1 0.36
-0.156793 -0.24 -1.49178 0.54 1 1 0.36
1.78873e-08 -0.24 -1.5 0.54 1 1 0.36
0.156793 -0.24 -1.49178 0.54 1 1 0.36
0.311868 -0.24 -1.46722 0.54 1 1 0.36
0.463526 -0.24 -1.42658 0.54 1 1 0.36
0.610105 -0.24 -1.37032 0.54 1 1 0.36
0.75 -0.24 -1.29904 0.54 1 1 0.36
0.881678 -0.24 -1.21353 0.54 1 1 0.36
1.0037 -0.24 -1.11472 0.54 1 1 0.36
1.11472 -0.24 -1.0037 0.54 1 1 0.36
1.21353 -0.24 -0.881677 0.54 1 1 0.36
1.29904 -0.24 -0.75 0.54 1 1 0.36
1.37032 -0.24 -0.610105 0.54 1 1 0.36
1.42658 -0.24 -0.463525 0.54 1 1 0.36
1.46722 -0.24 -0.311868 0.54 1 1 0.36
1.49178 -0.24 -0.156792 0.54 1 1 0.36
1.5 -0.24 2.62268e-07 0.54 1 1 0.36
1.31 -0.95 0 0.54 1 1 0.36
1.30282 -0.95 0.136932 0.54 1 1 0.36
1.28137 -0.95 0.272364 0.54 1 1 0.36
1.24588 -0.95 0.404812 0.54 1 1 0.36
1.19674 -0.95 0.532825 0.54 1 1 0.36
1.13449 -0.95 0.655 0.54 1 1 0.36
1.05981 -0.95 0.769999 0.54 1 1 0.36
0.97352 -0.95 0.876561 0.54 1 1 0.36
0.876561 -0.95 0.97352 0.54 1 1 0.36
0.769999 -0.95 1.05981 0.54 1 1 0.36
0.655 -0.95 1.13449 0.54 1 1 0.36
0.532825 -0.95 1.19674 0.54 1 1 0.36
0.404812 -0.95 1.24588 0.54 1 1 0.36
0.272364 -0.95 1.28137 0.54 1 1 0.36
0.136932 -0.95 1.30282 0.54 1 1 0.36
-5.72619e-08 -0.95 1.31 0.54 1 1 0.36
-0.136932 -0.95 1.30282 0.54 1 1 0.36
-0.272364 -0.95 1.28137 0.54 1 1 0.36
-0.404812 -0.95 1.24588 0.54 1 1 0.36
-0.532825 -0.95 1.19674 0.54 1 1 0.36
-0.655 -0.95 1.13449 0.54 1 1 0.36
-0.769999 -0.95 1.05981 0.54 1 1 0.36
-0.876561 -0.95 0.97352 0.54 1 1 0.36
-0.97352 -0.95 0.876561 0.54 1 1 0.36
-1.05981 -0.95 0.769999 0.54 1 1 0.36
-1.13449 -0.95 0.655 0.54 1 1 0.36
-1.19674 -0.95 0.532825 0.54 1 1 0.36
-1.24588 -0.95 0.404812 0.54 1 1 0.36
-1.28137 -0.95 0.272364 0.54 1 1 0.36
-1.30282 -0.95 0.136932 0.54 1 1 0.36
-1.31 -0.95 -1.14524e-07 0.54 1 1 0.36
-1.30282 -0.95 -0.136933 0.54 1 1 0.36
-1.28137 -0.95 -0.272364 0.54 1 1 0.36
-1.24588 -0.95 -0.404812 0.54 1 1 0.36
-1.19674 -0.95 -0.532825 0.54 1 1 0.36
-1.13449 -0.95 -0.655 0.54 1 1 0.36
-1.05981 -0.95 -0.769999 0.54 1 1 0.36
-0.97352 -0.95 -0.876561 0.54 1 1 0.36
-0.876561 -0.95 -0.97352 0.54 1 1 0.36
-0.769998 -0.95 -1.05981 0.54 1 1 0.36
-0.655 -0.95 -1.13449 0.54 1 1 0.36
-0.532825 -0.95 -1.19674 0.54 1 1 0.36
-0.404812 -0.95 -1.24588 0.54 1 1 0.36
-0.272364 -0.95 -1.28137 0.54 1 1 0.36
-0.136932 -0.95 -1.30282 0.54 1 1 0.36
1.56216e-08 -0.95 -1.31 0.54 1 1 0.36
0.136933 -0.95 -1.30282 0.54 1 1 0.36
0.272365 -0.95 -1.28137 0.54 1 1 0.36
0.404812 -0.95 -1.24588 0.54 1 1 0.36
0.532825 -0.95 -1.19674 0.54 1 1 0.36
0.655 -0.95 -1.13449 0.54 1 1 0.36
0.769999 -0.95 -1.05981 0.54 1 1 0.36
0.876561 -0.95 -0.97352 0.54 1 1 0.36
0.97352 -0.95 -0.876561 0.54 1 1 0.36
1.05981 -0.95 -0.769998 0.54 1 1 0.36
1.13449 -0.95 -0.655 0.54 1 1 0.36
1.19674 -0.95 -0.532825 0.54 1 1 0.36
1.24588 -0.95 -0.404812 0.54 1 1 0.36
1.28137 -0.95 -0.272364 0.54 1 1 0.36
1.30282 -0.95 -0.136932 0.54 1 1 0.36
1.31 -0.95 2.29048e-07 0.54 1 1 0.36
0.41 -1.6 0 0.54 1 1 0.36
0.407754 -1.6 0.0428567 0.54 1 1 0.36
0.401041 -1.6 0.0852438 0.54 1 1 0.36
0.389933 -1.6 0.126697 0.54 1 1 0.36
0.374554 -1.6 0.166762 0.54 1 1 0.36
0.35507 -1.6 0.205 0.54 1 1 0.36
0.331697 -1.6 0.240992 0.54 1 1 0.36
0.304689 -1.6 0.274344 0.54 1 1 0.36
0.274344 -1.6 0.304689 0.54 1 1 0.36
0.240992 -1.6 0.331697 0.54 1 1 0.36
0.205 -1.6 0.35507 0.54 1 1 0.36
0.166762 -1.6 0.374554 0.54 1 1 0.36
0.126697 -1.6 0.389933 0.54 1 1 0.36
0.0852438 -1.6 0.401041 0.54 1 1 0.36
0.0428567 -1.6 0.407754 0.54 1 1 0.36
-1.79217e-08 -1.6 0.41 0.54 1 1 0.36
-0.0428567 -1.6 0.407754 0.54 1 1 0.36
-0.0852438 -1.6 0.40104 0.54 1 1 0.36
-0.126697 -1.6 0.389933 0.54 1 1 0.36
-0.166762 -1.6 0.374554 0.54 1 1 0.36
-0.205 -1.6 0.35507 0.54 1 1 0.36
-0.240992 -1.6 0.331697 0.54 1 1 0.36
-0.274344 -1.6 0.304689 0.54 1 1 0.36
-0.304689 -1.6 0.274343 0.54 1 1 0.36
-0.331697 -1.6 0.240992 0.54 1 1 0.36
-0.35507 -1.6 0.205 0.54 1 1 0.36
-0.374554 -1.6 0.166762 0.54 1 1 0.36
-0.389933 -1.6 0.126697 0.54 1 1 0.36
-0.401041 -1.6 0.0852438 0.54 1 1 0.36
-0.407754 -1.6 0.0428567 0.54 1 1 0.36
-0.41 -1.6 -3.58433e-08 0.54 1 1 0.36
-0.407754 -1.6 -0.0428568 0.54 1 1 0.36
-0.40104 -1.6 -0.0852438 0.54 1 1 0.36
-0.389933 -1.6 -0.126697 0.54 1 1 0.36
-0.374554 -1.6 -0.166762 0.54 1 1 0.36
-0.35507 -1.6 -0.205 0.54 1 1 0.36
-0.331697 -1.6 -0.240992 0.54 1 1 0.36
-0.304689 -1.6 -0.274344 0.54 1 1 0.36
-0.274343 -1.6 -0.304689 0.54 1 1 0.36
-0.240992 -1.6 -0.331697 0.54 1 1 0.36
-0.205 -1.6 -0.35507 0.54 1 1 0.36
-0.166762 -1.6 -0.374554 0.54 1 1 0.36
-0.126697 -1.6 -0.389933 0.54 1 1 0.36
-0.0852437 -1.6 -0.401041 0.54 1 1 0.36
-0.0428566 -1.6 -0.407754 0.54 1 1 0.36
4.8892e-09 -1.6 -0.41 0.54 1 1 0.36
0.0428568 -1.6 -0.407754 0.54 1 1 0.36
0.0852439 -1.6 -0.40104 0.54 1 1 0.36
0.126697 -1.6 -0.389933 0.54 1 1 0.36
0.166762 -1.6 -0.374554 0.54 1 1 0.36
0.205 -1.6 -0.35507 0.54 1 1 0.36
0.240992 -1.6 -0.331697 0.54 1 1 0.36
0.274344 -1.6 -0.304689 0.54 1 1 0.36
0.304689 -1.6 -0.274344 0.54 1 1 0.36
0.331697 -1.6 -0.240992 0.54 1 1 0.36
0.35507 -1.6 -0.205 0.54 1 1 0.36
0.374554 -1.6 -0.166762 0.54 1 1 0.36
0.389933 -1.6 -0.126697 0.54 1 1 0.36
0.40104 -1.6 -0.0852438 0.54 1 1 0.36
0.407754 -1.6 -0.0428566 0.54 1 1 0.36
0.41 -1.6 7.16867e-08 0.54 1 1 0.36
